time,x,y,z,phi,theta,psi,x_velocity,y_velocity,z_velocity,phi_velocity,theta_velocity,psi_velocity,rotor_speed1,rotor_speed2,rotor_speed3,rotor_speed4
0.06,1.0491428403405024e-07,-8.038394037469843e-08,10.005960363789356,6.282882036669534,6.282965459110709,0.0,1.4860504307152233e-05,-1.728238963925684e-05,0.19866446631252888,-0.017806209024543662,-0.012241716780665685,0.0,467.3538317100126,466.398946836897,468.1326017092147,466.74532503184014
0.12000000000000001,9.610163880240447e-06,-1.3042049440916674e-05,10.024590161474377,6.282051332322322,6.282289467788761,0.0,0.0003867334024533638,-0.0005278024453103619,0.4222722763325085,-0.006912040016584065,-0.009384185399913605,0.0,475.2425194430657,475.46159004848886,473.36324736396983,474.2008181106524
0.18,5.4896176200675304e-05,-7.136898144797638e-05,10.054382465371198,6.281756468115626,6.281765482269243,0.0,0.0011820484527276848,-0.0014547938101953954,0.5707414265955415,-0.0011916366144473704,-0.0074616852993295655,0.0,452.77930836274345,452.93404709443064,451.3670138904311,451.82844741905336
0.23999999999999996,0.00015279233321765611,-0.00018455659288636386,10.088874119044362,6.281457129104201,6.281028035963487,0.0,0.0021314520809103104,-0.0023333179098070597,0.5789760475049606,-0.013937894057072013,-0.024315781854385543,0.0,408.28702886878705,406.7808497157643,407.2179077245574,406.07636432338717
0.3,0.0003379080979484604,-0.0003689873942057396,10.129520930228729,6.280546469746358,6.279539678870018,0.0,0.00421022516293579,-0.003915638970335746,0.7758038162188459,-0.01778009803942035,-0.025804639170599372,0.0,467.8273740869327,467.7113868830786,466.35739183002977,466.0573405563965
0.36000000000000004,0.0006780097527927515,-0.0006669551722133842,10.18065531702544,6.279057386064913,6.27796930056428,0.0,0.007297280849426887,-0.006149792459343016,0.9285626221750716,-0.04512045106073105,-0.02691989823385285,0.0,453.7290862414614,453.6394284038888,455.34362236187513,453.1512482869699
0.4200000000000001,0.0012367414094979368,-0.0011362737671189078,10.240619012132306,6.277094237601752,6.2760429188221885,0.0,0.011514902270632302,-0.00973814282405597,1.070102778706471,-0.015320971445116727,-0.045288550115963444,0.0,450.4067452875428,448.918464515195,450.6882023612242,453.0894545658827
0.48000000000000015,0.0020871738503476732,-0.001850855235575449,10.308037131229716,6.276515900020783,6.273359275304866,0.0,0.017110257159879416,-0.014155761217393918,1.1770607163527977,-0.0001842673453189489,-0.04362838367045625,0.0,440.428204929742,440.5643077624447,439.4252565879517,440.6782088012426
0.5400000000000001,0.0033615608751142536,-0.0028585010082576405,10.385023105934227,6.277596632319831,6.270586561340059,0.0,0.02568573160846426,-0.019351087552146526,1.3889023162957617,0.040566192800393024,-0.05195493283772664,0.0,473.1001482048816,472.4575334110767,470.5319350904623,473.67582453653347
0.6000000000000002,0.005192103520250165,-0.0041325650326412885,10.472670933046679,6.279828460720456,6.26758640087434,0.0,0.03566138330177954,-0.022862672161955522,1.5325068808664322,0.029426713306174808,-0.04636030650946469,0.0,452.42207213351236,452.87072465280136,452.6900531328432,451.7934978817268
0.6600000000000003,0.007593451015443474,-0.00555334866354764,10.563196989311649,6.281816424469184,6.264684828202961,0.0,0.04461210522095012,-0.024345806853202964,1.4850879283656462,0.03966911482993213,-0.05269047897471368,0.0,390.25501686230746,389.66194125184256,389.1557284951579,390.11380525179106
0.7200000000000003,0.01072210452549736,-0.007035460871599068,10.658318031856263,0.0014748072874519735,6.26119072649006,0.0,0.06005595991684774,-0.024748746152089503,1.6853323108738103,0.05954874513353538,-0.0726323612115294,0.0,470.21688330793484,468.66731905919715,469.38884728483873,470.93009913225313
0.7800000000000004,0.014790554011604317,-0.008476942702589306,10.762171056442915,0.004884904333383844,6.256606068432573,0.0,0.0760045365087787,-0.022948943079451375,1.776286068641577,0.05076714561409826,-0.08530051457677275,0.0,437.28288742263317,436.2215876635851,437.3721236846898,436.6424439915254
0.8400000000000004,0.019925206283991116,-0.009740080923402117,10.871998688731585,0.007661028414969628,6.252361968384744,0.0,0.09561880012086042,-0.018854229100882056,1.8844468289564984,0.035275142609787195,-0.05126839009742306,0.0,441.56738637719667,444.36141355928964,442.97971631047676,441.70528636546834
0.9000000000000005,0.026486620000763638,-0.010659861963825398,10.993687562122396,0.009512937370822705,6.249865218735318,0.0,0.123433999201551,-0.01154956467970461,2.1713347928994082,0.02013723138563482,-0.027151970117642865,0.0,494.2916654632099,496.0647430290252,497.487363571718,496.3779916614886
0.9600000000000005,0.034552935744958505,-0.011161214044002808,11.125991363544475,0.01075183896158105,6.249334793931379,0.0,0.14552972404150155,-0.005044547430974232,2.2386565814055155,0.021651416401116844,0.01380377598476718,0.0,428.82524111494115,432.2900810323447,431.7224339657738,431.8501685117477
1.0200000000000005,0.04400373250831283,-0.01122896944396759,11.263984640599906,0.012437060413532208,6.249971413946771,0.0,0.16940980219451976,0.002942974663269818,2.3608741896925176,0.03857095794503504,0.003304882988767356,0.0,448.8870749069375,448.0342065670914,448.5372523206988,449.90936788311177
1.0800000000000005,0.054927716171898046,-0.0107569947948257,11.410879495708633,0.015313594446426215,6.250467403910072,0.0,0.1946689435043332,0.013083163721091235,2.5352464344463583,0.06207581401616103,0.016695690484769873,0.0,465.7675992718219,466.81355057622505,463.3139512875149,465.15943408215725
1.1400000000000006,0.06736168643207063,-0.00960087542878414,11.568534205504877,0.0188309689136954,6.2519610158117835,0.0,0.219634985240194,0.025863090675923572,2.7194869928558543,0.05062827360242219,0.03763413036829803,0.0,468.72726249104954,470.3516808604691,468.8757277008585,467.9877312498151
1.2000000000000006,0.08118315954621695,-0.007642776217579311,11.734995474618039,0.02187017307344874,6.255237327442945,0.0,0.24077219962339302,0.03971605179724419,2.8289592230436162,0.0507035956991164,0.07616576359330489,0.0,445.72083877720627,448.860494673403,446.91586270058815,446.9236144820781
1.2600000000000007,0.09620152562455941,-0.004785580590569291,11.90821147774061,0.02493091022610816,6.259454661729279,0.0,0.25936779031362955,0.05583584257544975,2.94462159172329,0.051622410041790204,0.05470440111261053,0.0,450.39188145762216,448.65636752807654,449.60928083018194,449.6853421497676
1.3200000000000007,0.11218374484962593,-0.0009702209898469886,12.085468587518443,0.027987732683758537,6.263005059603781,0.0,0.27306097041937694,0.07161887620814197,2.963898684015545,0.04956140643299834,0.06687350520302636,0.0,418.6732400049213,419.7333472492747,419.41111538054935,419.23389522786266
1.3800000000000008,0.12893180167257876,0.0038648784996218022,12.264488304736352,0.03103335340878477,6.267190633804255,0.0,0.2848215227800021,0.08982848792138949,3.003321898735689,0.05305563286035277,0.07498106361754746,0.0,426.30941173943097,427.0055284742374,425.2405395213743,425.54152114654767
1.4400000000000008,0.14634704582581498,0.009939340157492864,12.448679493044247,0.034022443036355376,6.2718364198395875,0.0,0.2951899640770062,0.11297324558383776,3.136026904187722,0.042399381973254976,0.08192285262644915,0.0,455.6398572436997,456.19907262207903,456.0491163061272,455.1986229238572
1.5000000000000009,0.1642393395302213,0.017324622692255546,12.636770525261898,0.03656264424057731,6.276737187611602,0.0,0.3007910662459027,0.13342399049444567,3.133678427622297,0.04221103692599699,0.08118850275784428,0.0,412.86218484142375,412.80334894369315,413.5059857956573,413.49051473463567
1.560000000000001,0.18241389885169054,0.02620027219088565,12.830613089246661,0.039382781364741604,6.281572391611727,0.0,0.3044600242415856,0.162722405163534,3.327189644491297,0.05518034697806985,0.07935596877063676,0.0,474.8790956073131,474.7432831545645,474.18497942105785,475.181388627689
1.620000000000001,0.20069040420254244,0.03665054849225251,13.029738503713803,0.04326118585877392,0.002838720251066462,0.0,0.30436202675862445,0.18593045906610803,3.3103614961644476,0.07887384999150467,0.06109913200065002,0.0,410.72909575427127,409.11135407646924,408.0324777765799,410.14564907565676
1.680000000000001,0.2188632406018265,0.04886957016395689,13.234773949952656,0.04813016457562913,0.006611640840596955,0.0,0.30095794717871777,0.22191220809886628,3.52349291756762,0.0853491317024299,0.06622705864167094,0.0,481.7784456562636,482.1685332203937,480.8605060340237,481.3555434155623
1.740000000000001,0.23677668535948407,0.0631174133154656,13.44752701204718,0.052977915407861786,0.01026822619805845,0.0,0.2957956738281493,0.2534780350267283,3.568109458847528,0.06963909352734306,0.04743916185960134,0.0,432.1701408527582,430.58624475478314,431.9386894245787,430.6171097929258
1.8000000000000012,0.25432830282540697,0.07928014425904187,13.661687060462903,0.057401931952552054,0.012902720823808167,0.0,0.2890166103496338,0.2856559721202644,3.5705242171554854,0.08086772580831646,0.03570043142437405,0.0,417.82076373393363,416.79723581597585,417.7938986794785,418.77638117471434
1.8600000000000012,0.2714488462622149,0.09736189013926783,13.874403317122518,0.06273828580991037,0.015804711290482665,0.0,0.28145833303148055,0.3174861763071043,3.5201422229036794,0.10151877706643035,0.06602765262728535,0.0,398.45819818330193,401.22287261045034,398.8553466083995,400.7444200490583
1.9200000000000013,0.28792195446841456,0.11799115649763343,14.09266692892852,0.06888991744873252,0.01994122671899312,0.0,0.2671620507923449,0.3708528366277992,3.75450782601484,0.1044698530235702,0.07420977385177646,0.0,488.16152786307947,488.77482556556436,489.83165396568114,490.0591192410604
1.9800000000000013,0.30364356664345177,0.1412641239218371,14.314849094258754,0.07519534321646937,0.024361421866113453,0.0,0.25656387815394943,0.40538730556145924,3.651852542915973,0.10630255036258,0.07256838444744218,0.0,382.9392158993698,382.78821560063443,382.4878933669286,382.6740101362682
2.0400000000000014,0.3184142677260432,0.16745744204924828,14.540746765461593,0.0817730582732743,0.02943393664337801,0.0,0.23523334253875738,0.46844500539074724,3.877245130528001,0.11556093326569829,0.10150096334804969,0.0,485.9506510492049,488.1195810222398,488.07086036336983,488.7707652460044
2.1000000000000014,0.3319289790406777,0.19717635597231267,14.775097381558387,0.08903915767599813,0.03516821732660347,0.0,0.2146916764284519,0.5228458177816833,3.9341587571499423,0.13035062504352188,0.07979764841424665,0.0,439.7251852704336,437.93117917779125,437.3956186284736,438.6390086057121
2.1600000000000015,0.344066280551201,0.2303989523861068,15.013897888572464,0.09776092254090596,0.03989115056207915,0.0,0.1894167436554781,0.5853832657408663,4.025424857515466,0.16522471205424963,0.07645987787106201,0.0,449.7351794757129,449.4696031997005,448.78437975935265,451.62488718984156
2.2200000000000015,0.3546467790221596,0.2674215467476045,15.256791394428713,0.10749019198471998,0.04461191865361869,0.0,0.1628353990448396,0.6496040753002525,4.070726325297301,0.155182758720828,0.08278291165098024,0.0,436.6981021334006,437.23030250168415,436.0024244914209,435.18812104056656
2.2800000000000016,0.36334095547377293,0.30895790417097097,15.506742053660485,0.11685515476171648,0.04974997105359602,0.0,0.12641844745511854,0.7359319424829273,4.260092089073438,0.15782228698172043,0.09079791685778084,0.0,480.25524035546584,480.86822945972824,481.57576772593563,481.7963746096948
2.3400000000000016,0.36978594494694095,0.3557563942027908,15.766885179650199,0.12596375345741517,0.05502904008226128,0.0,0.08785500378378225,0.8249587759802915,4.4105778896500905,0.13574019067364884,0.08166700818166577,0.0,472.3252601046689,471.6263875381651,471.6340626844091,469.94529065277766
2.4000000000000017,0.3739798444280989,0.4076853605862167,16.0328544631615,0.1343624391037208,0.06055378561691249,0.0,0.05145760179379377,0.9067468507690825,4.45471598385974,0.14732634032107103,0.10738098629438865,0.0,439.79802725275493,441.9298400357909,438.6875621589091,439.66702491451275
2.4600000000000017,0.37588183789114543,0.46467396894288043,16.3013887732051,0.1433183103989295,0.06791286924672502,0.0,0.011296672310483915,0.9936631424507496,4.496053015082953,0.1528793359449061,0.14274660932036548,0.0,439.48946046216867,442.4242946642329,438.6127418139871,439.0949345649138
2.520000000000002,0.37498346717971115,0.5275525065934643,16.575840915817096,0.15269155416028557,0.07640534596682791,0.0,-0.04214272657543705,1.1031926585814946,4.651439094604353,0.1621753667674717,0.1390176341326292,0.0,476.1087037495296,475.84047955096173,475.715029740962,476.44762714625955
2.580000000000002,0.37075453169042943,0.5970797373367822,16.858728983703617,0.16241241395336825,0.08444206331875925,0.0,-0.09965241445333661,1.2152976851393311,4.777324074230426,0.1616907347770813,0.12115446596000362,0.0,469.87147321106914,468.4997492714757,468.9061339868337,468.8919625374878
2.640000000000002,0.3631629370827828,0.6730477854795889,17.146161913112753,0.171547277530248,0.09187260246557027,0.0,-0.15405970709528763,1.3177910701117546,4.80336326639987,0.11600679493836333,0.12873415632745105,0.0,439.12982090158357,439.77226942199104,441.46452267069776,437.69882824824833
2.700000000000002,0.3521623499212472,0.7553272159001138,17.4351615254046,0.17835231853272315,0.10000276357558313,0.0,-0.2133393727796584,1.425420706257946,4.82956382503601,0.10766346761779888,0.1464200825272059,0.0,440.7966144637076,442.272789546585,439.67199015775947,438.991685302327
2.760000000000002,0.3372169230454046,0.844590374087135,17.727943250614377,0.18470511299290848,0.10835525532052781,0.0,-0.2856763759092094,1.5505371805759987,4.92906531405128,0.10205370914881004,0.11814178098238773,0.0,464.5589821757998,462.3526555783052,465.6912513947712,465.26143315033136
2.820000000000002,0.3175782114355382,0.9417947738106704,18.028304538251504,0.19025345144477068,0.11531587187158632,0.0,-0.36963655869154133,1.6900792495265424,5.081943121967176,0.05443286354901764,0.1113692580836078,0.0,482.2927729357614,481.79178892742726,484.1298391249421,480.5386257246792
2.880000000000002,0.29292582408858403,1.0471843172781967,18.336296817531814,0.19311574542414522,0.12184449977459888,0.0,-0.45272111447068936,1.8230625389260262,5.183712987052939,0.028763202013040196,0.10313226364316355,0.0,468.21601198473587,467.58440325343116,470.67322039446634,468.6832330813656
2.940000000000002,0.26359727258628585,1.1599060297495885,18.64684099070734,0.1949996837589527,0.12830094645081314,0.0,-0.5254329895231796,1.9344214372024149,5.167600637959451,0.03620774521219549,0.11531414046415653,0.0,432.1679960754299,433.2041837318387,432.47253646858246,433.0996136978792
3.000000000000002,0.22976093124723504,1.2793779438884276,18.95662581589391,0.19706188385455636,0.1356261796723448,0.0,-0.6030531048099093,2.048082615713492,5.1583404629467005,0.030415779672761406,0.1330116906654995,0.0,435.37890639335365,436.8709372245109,434.89855742888074,434.41358606533083
3.0600000000000023,0.19121557745311155,1.405577886875755,19.265257327355876,0.19858617718422877,0.1439561714833859,0.0,-0.6824778079230733,2.158657202921413,5.129240348578228,0.012798068396026166,0.14847248420816678,0.0,429.2887156519915,430.61725563381583,429.3432831604418,427.84579041570663
3.1200000000000023,0.14735910810123848,1.5389611465504616,19.574800156633415,0.19921229201709334,0.15248162587631509,0.0,-0.7801920258365538,2.2873527547437567,5.188272445135641,0.005232615170581668,0.12459508162896382,0.0,459.6048546515141,457.72595069590744,458.1835389693942,457.58144799024535
3.1800000000000024,0.09751834809693172,1.6800076026598558,19.887593312067622,0.19972482105033595,0.1602627798012497,0.0,-0.8818350037831353,2.4140724335033146,5.23763493667871,0.014452907405583103,0.13829404026440503,0.0,455.96503927231083,457.0730956069486,455.9717692122504,456.70777973599263
3.2400000000000024,0.041393034210615645,1.828691037550068,20.203514082287857,0.20058428247600446,0.16851230348849366,0.0,-0.989734177661905,2.541944600403479,5.292455266666189,0.014066017260470628,0.13583975691958805,0.0,459.6781989798331,459.5004573167691,459.0674028527476,459.03657916783635
3.3000000000000025,-0.021132824670748084,1.9847731127400046,20.521353268326237,0.2020479557251731,0.1766666614412955,0.0,-1.0951527810614532,2.660758315004071,5.301793790398532,0.03961164796057256,0.13603790904917137,0.0,445.82426667128175,445.8574618061303,445.18819087165303,447.27401195943366
3.3600000000000025,-0.08982463245561287,2.147652341445757,20.838045412434745,0.20446526363583573,0.18462161524882958,0.0,-1.1952376285220592,2.7686566659249805,5.254477493882808,0.041608514907786234,0.12458759372634758,0.0,428.03058815402034,427.071668726853,428.5530712872445,428.72370615845466
3.4200000000000026,-0.16574595220013558,2.318210661898887,21.157564245647645,0.2066290997104323,0.1918072042898249,0.0,-1.3360988607097282,2.916574456813576,5.394987599398748,0.021662078449103547,0.10775348168043455,0.0,489.09953699830913,487.8553300526484,488.6030215410053,487.11387382257277
3.4800000000000026,-0.2498777656169631,2.4972472527519556,21.483480987232035,0.20819504680064416,0.1985907487930323,0.0,-1.4688350080073356,3.0512147166859354,5.468113652871866,0.0337537400813253,0.12197600765567537,0.0,469.03568582217747,470.14966131781443,469.86059178976484,470.79735504369796
3.5400000000000027,-0.34154782926605204,2.683794295934174,21.81101255849708,0.21023784869765194,0.20621435501726282,0.0,-1.5874482871009818,3.1670479986921483,5.449275241682047,0.03462615028949813,0.13565871932589807,0.0,442.29222846102147,443.4325860150233,441.4792380970663,441.55171251531823
3.6000000000000028,-0.44104567693591323,2.8778736892195,22.14004543535463,0.21214183009753018,0.2145080648249733,0.0,-1.7298260096485236,3.302195620428432,5.51761762177323,0.025208872217177658,0.1429228341771554,0.0,470.4515442053441,471.03027031153255,471.52157759587743,470.79364676590836
3.660000000000003,-0.5488379832905451,3.079669792589074,22.47127216821802,0.2133392818681994,0.22366736815110233,0.0,-1.8639837273118967,3.4242596246989643,5.522744751049055,0.006556501312611434,0.16719126771105064,0.0,451.23031349466424,453.2066806990715,453.8911590410942,452.3913872827681
3.720000000000003,-0.6647545889788156,3.2886898471098203,22.80234880921865,0.2143446393181634,0.2331546959730728,0.0,-2.000716030881395,3.542938172707723,5.512674381325552,0.03183092138493379,0.1256125188052348,0.0,449.99348874713775,446.63643044738706,448.42750131998037,450.4763286594166
3.780000000000003,-0.7889913164069178,3.504782309647768,23.132590510092296,0.2158561852174099,0.24155758794287063,0.0,-2.141157556465031,3.6601015881230654,5.49494312996809,0.006621350583160837,0.1593877907798636,0.0,446.7893856143005,449.5524884462932,447.65333239966446,445.5968595765987
3.840000000000003,-0.923256603335412,3.729142689900746,23.46741110576485,0.21631285351061535,0.25252023704641147,0.0,-2.335223079952165,3.8181534422135766,5.6641066711633075,0.009520729733185927,0.20888885490026302,0.0,505.3438587560718,508.92590668893166,505.60611960000347,505.8148825512441
3.900000000000003,-1.068373487333376,3.962085443820459,23.808339577798456,0.21684743997121547,0.26537901883062975,0.0,-2.5030516075719893,3.946334485159562,5.699245777932882,0.007658955138143081,0.22339122875051365,0.0,468.410499061976,469.57962635848236,469.12017721505777,468.97543000117247
3.960000000000003,-1.2212236291380305,4.200660904980894,24.14210393319517,0.2172638851549724,0.2786554303636084,0.0,-2.5929379070310072,4.0062996505971435,5.427241660735311,0.005464174898359279,0.21667014990963926,0.0,359.2354377797127,358.61429637685814,362.7431471433213,362.5225032925474
4.020000000000002,-1.3803735063479188,4.44338461812557,24.462139568684314,0.21750667118100786,0.29176952331444106,0.0,-2.7130573126813244,4.0844672529410815,5.241018395906188,0.0010482996106916224,0.22211090769546188,0.0,390.62764305951174,391.1891808872666,393.97226540124296,393.563565577592
4.080000000000001,-1.5480936513979846,4.691616297829697,24.77481352002735,0.21751897506673146,0.30549907927962305,0.0,-2.8786793294268582,4.1896894997843015,5.181001316056814,-0.0015372681398011533,0.23966528947953677,0.0,436.7982983643319,438.31263216064656,436.93515346014055,436.7194868595358
4.14,-1.7264816084682504,4.9464578307328475,25.085357087018348,0.21711381828779874,0.31995407392076647,0.0,-3.0687239657724117,4.304682709182578,5.1696254699913355,-0.020035024313838794,0.24330384504904468,0.0,455.7034486143573,456.05062979492095,454.3501162881583,452.8644008942857
4.199999999999998,-1.91617734968157,5.207911517462903,25.39409960170909,0.21586242286997948,0.3341394873303871,0.0,-3.2555916364117414,4.41004843329165,5.121181917787276,-0.022552376885807128,0.2168794171496482,0.0,445.1715995947999,443.05858952889594,444.1817033146569,443.97516977250626
4.259999999999997,-2.1168813962729303,5.475349476320131,25.69863571761619,0.21490172173873745,0.346893199413179,0.0,-3.435544982392306,4.504232043097325,5.02968658386499,-0.005386521149546289,0.20213209022544426,0.0,431.611547669296,430.41069381118683,429.24392970000815,430.69864026787224
4.319999999999996,-2.327888764593657,5.747974624500855,25.995755058840125,0.21523931218720627,0.3591195597533128,0.0,-3.598994484397885,4.583129464640143,4.874308282852016,0.021589232047840017,0.20686195440697094,0.0,407.83807811109864,408.30519465409805,406.79951400218755,409.20858882954917
4.379999999999995,-2.5495408714782046,6.025674614874518,26.285209546086183,0.21678440241553165,0.3712710758286155,0.0,-3.7903435896903255,4.673404071623159,4.773736416437514,0.032991576757843685,0.19203739856544558,0.0,428.70990520969247,427.48984999406787,427.988870505739,428.95864775827135
4.439999999999993,-2.784425596168853,6.309629012229772,26.572443705047572,0.21907625082609528,0.38350234291431207,0.0,-4.039973633923893,4.791507234481641,4.79939271327064,0.04697709488966254,0.22063901095540903,0.0,471.1812941748585,473.42497840509066,472.50539187303434,473.5831825346485
4.499999999999992,-3.035932717526455,6.60141362059349,26.864468145059814,0.22218178913115239,0.39656033456490913,0.0,-4.34442649212209,4.9343321948256245,4.9324896614388205,0.059923029370355374,0.21083210198424576,0.0,509.7684025882095,509.10713007772057,509.5012134037043,510.4274579079194
4.559999999999991,-3.3035572409881073,6.900497661227909,27.15867409065408,0.22545010796152898,0.4091137227719326,0.0,-4.577256213314572,5.035051645125024,4.873372845219966,0.040397934763823896,0.20580014344934547,0.0,452.13260828644957,451.7691909272308,453.0500642022311,451.4788755662888
4.6199999999999894,-3.584243962008352,7.205044847746087,27.446716912346044,0.2275629035722435,0.42099495179390356,0.0,-4.779882122986682,5.116432594770502,4.727664690474926,0.022037252034347723,0.17414625273500203,0.0,425.0801177536951,422.3974897453663,423.71000914085204,422.12866127100733
4.679999999999988,-3.8785480786911437,7.51509482301042,27.728718071900392,0.22877578972709411,0.4311737754070597,0.0,-5.030945020558774,5.2182746482630025,4.67139779483064,0.016295382371113644,0.15866634552458678,0.0,457.7269282406112,456.5195392782103,455.93301695618555,455.47387639401904
4.739999999999987,-4.189703088373169,7.832005094502312,28.01062826455553,0.2295825721262661,0.44119418296378043,0.0,-5.341354764417885,5.344896357874644,4.723821631968429,0.007033618023323196,0.17990808276630144,0.0,493.28788216187036,494.8775838029944,496.20620854944553,495.5255310303999
4.799999999999986,-4.516820045750464,8.155079633224862,28.289649079884374,0.2295704276431456,0.4524668260812499,0.0,-5.563396691725013,5.4239831187073335,4.5764301365458016,-0.021423969865363844,0.20032187419990946,0.0,429.27706079995824,431.0414537037173,431.12383728474754,428.71187654977876
4.859999999999984,-4.859424919153764,8.48375835378618,28.563693426177164,0.2284150552105393,0.46419774158438987,0.0,-5.857472982142793,5.531323999996303,4.55692965215917,-0.015239696221528853,0.18358631423408955,0.0,477.19475751534503,475.9494520424362,476.31889888229887,476.7918091255343
4.919999999999983,-5.21907687681133,8.818419134117786,28.834853473436183,0.22806184484807268,0.47548894824691157,0.0,-6.131644648479798,5.62353480267726,4.4806439545970935,0.008229371992578916,0.19607486092163198,0.0,459.9325647858006,460.95377982805684,459.24099802122186,461.0994294142833
4.979999999999982,-5.596610397463901,9.159079565675244,29.103623959710735,0.2291502533678207,0.48739601641705654,0.0,-6.453381052470559,5.731274131270087,4.476532210903796,0.03289215187767954,0.2028173415033107,0.0,487.29396575180357,487.8325164876234,487.098740466555,488.940071914822
5.0399999999999805,-5.991361323637832,9.505163350159165,29.36774397143218,0.23175517397308276,0.5001830015700559,0.0,-6.70582190001086,5.804632309810407,4.326598948798543,0.058844311494748364,0.22828087572595593,0.0,439.7880648876577,441.9371975695929,439.5893827859669,441.7364087225049
